2 1 1 30 10 12 4
2 1 1 30 10 14 4
2 1 1 30 10 16 4
2 1 1 30 10 18 4
2 1 1 30 10 20 4
2 1 1 30 15 12 4
2 1 1 30 15 14 4
2 1 1 30 15 16 4
2 1 1 30 15 18 4
2 1 1 30 15 20 4
2 1 1 30 20 12 4
2 1 1 30 20 14 4
2 1 1 30 20 16 4
2 1 1 30 20 18 4
2 1 1 30 20 20 4
2 1 1 40 10 12 4
2 1 1 40 10 14 4
2 1 1 40 10 16 4
2 1 1 40 10 18 4
2 1 1 40 10 20 4
2 1 1 40 15 12 4
2 1 1 40 15 14 4
2 1 1 40 15 16 4
2 1 1 40 15 18 4
2 1 1 40 15 20 4
2 1 1 40 20 12 4
2 1 1 40 20 14 4
2 1 1 40 20 16 4
2 1 1 40 20 18 4
2 1 1 40 20 20 4
2 1 1 50 10 12 4
2 1 1 50 10 14 4
2 1 1 50 10 16 4
2 1 1 50 10 18 4
2 1 1 50 10 20 4
2 1 1 50 15 12 4
2 1 1 50 15 14 4
2 1 1 50 15 16 4
2 1 1 50 15 18 4
2 1 1 50 15 20 4
2 1 1 50 20 12 4
2 1 1 50 20 14 4
2 1 1 50 20 16 4
2 1 1 50 20 18 4
2 1 1 50 20 20 4
2 1 2 30 10 12 4
2 1 2 30 10 14 4
2 1 2 30 10 16 4
2 1 2 30 10 18 4
2 1 2 30 10 20 4
2 1 2 30 15 12 4
2 1 2 30 15 14 4
2 1 2 30 15 16 4
2 1 2 30 15 18 4
2 1 2 30 15 20 4
2 1 2 30 20 12 4
2 1 2 30 20 14 4
2 1 2 30 20 16 4
2 1 2 30 20 18 4
2 1 2 30 20 20 4
2 1 2 40 10 12 4
2 1 2 40 10 14 4
2 1 2 40 10 16 4
2 1 2 40 10 18 4
2 1 2 40 10 20 4
2 1 2 40 15 12 4
2 1 2 40 15 14 4
2 1 2 40 15 16 4
2 1 2 40 15 18 4
2 1 2 40 15 20 4
2 1 2 40 20 12 4
2 1 2 40 20 14 4
2 1 2 40 20 16 4
2 1 2 40 20 18 4
2 1 2 40 20 20 4
2 1 2 50 10 12 4
2 1 2 50 10 14 4
2 1 2 50 10 16 4
2 1 2 50 10 18 4
2 1 2 50 10 20 4
2 1 2 50 15 12 4
2 1 2 50 15 14 4
2 1 2 50 15 16 4
2 1 2 50 15 18 4
2 1 2 50 15 20 4
2 1 2 50 20 12 4
2 1 2 50 20 14 4
2 1 2 50 20 16 4
2 1 2 50 20 18 4
2 1 2 50 20 20 4
2 1 3 30 10 12 4
2 1 3 30 10 14 4
2 1 3 30 10 16 4
2 1 3 30 10 18 4
2 1 3 30 10 20 4
2 1 3 30 15 12 4
2 1 3 30 15 14 4
2 1 3 30 15 16 4
2 1 3 30 15 18 4
2 1 3 30 15 20 4
2 1 3 30 20 12 4
2 1 3 30 20 14 4
2 1 3 30 20 16 4
2 1 3 30 20 18 4
2 1 3 30 20 20 4
2 1 3 40 10 12 4
2 1 3 40 10 14 4
2 1 3 40 10 16 4
2 1 3 40 10 18 4
2 1 3 40 10 20 4
2 1 3 40 15 12 4
2 1 3 40 15 14 4
2 1 3 40 15 16 4
2 1 3 40 15 18 4
2 1 3 40 15 20 4
2 1 3 40 20 12 4
2 1 3 40 20 14 4
2 1 3 40 20 16 4
2 1 3 40 20 18 4
2 1 3 40 20 20 4
2 1 3 50 10 12 4
2 1 3 50 10 14 4
2 1 3 50 10 16 4
2 1 3 50 10 18 4
2 1 3 50 10 20 4
2 1 3 50 15 12 4
2 1 3 50 15 14 4
2 1 3 50 15 16 4
2 1 3 50 15 18 4
2 1 3 50 15 20 4
2 1 3 50 20 12 4
2 1 3 50 20 14 4
2 1 3 50 20 16 4
2 1 3 50 20 18 4
2 1 3 50 20 20 4
2 1 4 30 10 12 4
2 1 4 30 10 14 4
2 1 4 30 10 16 4
2 1 4 30 10 18 4
2 1 4 30 10 20 4
2 1 4 30 15 12 4
2 1 4 30 15 14 4
2 1 4 30 15 16 4
2 1 4 30 15 18 4
2 1 4 30 15 20 4
2 1 4 30 20 12 4
2 1 4 30 20 14 4
2 1 4 30 20 16 4
2 1 4 30 20 18 4
2 1 4 30 20 20 4
2 1 4 40 10 12 4
2 1 4 40 10 14 4
2 1 4 40 10 16 4
2 1 4 40 10 18 4
2 1 4 40 10 20 4
2 1 4 40 15 12 4
2 1 4 40 15 14 4
2 1 4 40 15 16 4
2 1 4 40 15 18 4
2 1 4 40 15 20 4
2 1 4 40 20 12 4
2 1 4 40 20 14 4
2 1 4 40 20 16 4
2 1 4 40 20 18 4
2 1 4 40 20 20 4
2 1 4 50 10 12 4
2 1 4 50 10 14 4
2 1 4 50 10 16 4
2 1 4 50 10 18 4
2 1 4 50 10 20 4
2 1 4 50 15 12 4
2 1 4 50 15 14 4
2 1 4 50 15 16 4
2 1 4 50 15 18 4
2 1 4 50 15 20 4
2 1 4 50 20 12 4
2 1 4 50 20 14 4
2 1 4 50 20 16 4
2 1 4 50 20 18 4
2 1 4 50 20 20 4
2 2 1 30 10 12 4
2 2 1 30 10 14 4
2 2 1 30 10 16 4
2 2 1 30 10 18 4
2 2 1 30 10 20 4
2 2 1 30 15 12 4
2 2 1 30 15 14 4
2 2 1 30 15 16 4
2 2 1 30 15 18 4
2 2 1 30 15 20 4
2 2 1 30 20 12 4
2 2 1 30 20 14 4
2 2 1 30 20 16 4
2 2 1 30 20 18 4
2 2 1 30 20 20 4
2 2 1 40 10 12 4
2 2 1 40 10 14 4
2 2 1 40 10 16 4
2 2 1 40 10 18 4
2 2 1 40 10 20 4
2 2 1 40 15 12 4
2 2 1 40 15 14 4
2 2 1 40 15 16 4
2 2 1 40 15 18 4
2 2 1 40 15 20 4
2 2 1 40 20 12 4
2 2 1 40 20 14 4
2 2 1 40 20 16 4
2 2 1 40 20 18 4
2 2 1 40 20 20 4
2 2 1 50 10 12 4
2 2 1 50 10 14 4
2 2 1 50 10 16 4
2 2 1 50 10 18 4
2 2 1 50 10 20 4
2 2 1 50 15 12 4
2 2 1 50 15 14 4
2 2 1 50 15 16 4
2 2 1 50 15 18 4
2 2 1 50 15 20 4
2 2 1 50 20 12 4
2 2 1 50 20 14 4
2 2 1 50 20 16 4
2 2 1 50 20 18 4
2 2 1 50 20 20 4
2 2 2 30 10 12 4
2 2 2 30 10 14 4
2 2 2 30 10 16 4
2 2 2 30 10 18 4
2 2 2 30 10 20 4
2 2 2 30 15 12 4
2 2 2 30 15 14 4
2 2 2 30 15 16 4
2 2 2 30 15 18 4
2 2 2 30 15 20 4
2 2 2 30 20 12 4
2 2 2 30 20 14 4
2 2 2 30 20 16 4
2 2 2 30 20 18 4
2 2 2 30 20 20 4
2 2 2 40 10 12 4
2 2 2 40 10 14 4
2 2 2 40 10 16 4
2 2 2 40 10 18 4
2 2 2 40 10 20 4
2 2 2 40 15 12 4
2 2 2 40 15 14 4
2 2 2 40 15 16 4
2 2 2 40 15 18 4
2 2 2 40 15 20 4
2 2 2 40 20 12 4
2 2 2 40 20 14 4
2 2 2 40 20 16 4
2 2 2 40 20 18 4
2 2 2 40 20 20 4
2 2 2 50 10 12 4
2 2 2 50 10 14 4
2 2 2 50 10 16 4
2 2 2 50 10 18 4
2 2 2 50 10 20 4
2 2 2 50 15 12 4
2 2 2 50 15 14 4
2 2 2 50 15 16 4
2 2 2 50 15 18 4
2 2 2 50 15 20 4
2 2 2 50 20 12 4
2 2 2 50 20 14 4
2 2 2 50 20 16 4
2 2 2 50 20 18 4
2 2 2 50 20 20 4
2 2 3 30 10 12 4
2 2 3 30 10 14 4
2 2 3 30 10 16 4
2 2 3 30 10 18 4
2 2 3 30 10 20 4
2 2 3 30 15 12 4
2 2 3 30 15 14 4
2 2 3 30 15 16 4
2 2 3 30 15 18 4
2 2 3 30 15 20 4
2 2 3 30 20 12 4
2 2 3 30 20 14 4
2 2 3 30 20 16 4
2 2 3 30 20 18 4
2 2 3 30 20 20 4
2 2 3 40 10 12 4
2 2 3 40 10 14 4
2 2 3 40 10 16 4
2 2 3 40 10 18 4
2 2 3 40 10 20 4
2 2 3 40 15 12 4
2 2 3 40 15 14 4
2 2 3 40 15 16 4
2 2 3 40 15 18 4
2 2 3 40 15 20 4
2 2 3 40 20 12 4
2 2 3 40 20 14 4
2 2 3 40 20 16 4
2 2 3 40 20 18 4
2 2 3 40 20 20 4
2 2 3 50 10 12 4
2 2 3 50 10 14 4
2 2 3 50 10 16 4
2 2 3 50 10 18 4
2 2 3 50 10 20 4
2 2 3 50 15 12 4
2 2 3 50 15 14 4
2 2 3 50 15 16 4
2 2 3 50 15 18 4
2 2 3 50 15 20 4
2 2 3 50 20 12 4
2 2 3 50 20 14 4
2 2 3 50 20 16 4
2 2 3 50 20 18 4
2 2 3 50 20 20 4
2 2 4 30 10 12 4
2 2 4 30 10 14 4
2 2 4 30 10 16 4
2 2 4 30 10 18 4
2 2 4 30 10 20 4
2 2 4 30 15 12 4
2 2 4 30 15 14 4
2 2 4 30 15 16 4
2 2 4 30 15 18 4
2 2 4 30 15 20 4
2 2 4 30 20 12 4
2 2 4 30 20 14 4
2 2 4 30 20 16 4
2 2 4 30 20 18 4
2 2 4 30 20 20 4
2 2 4 40 10 12 4
2 2 4 40 10 14 4
2 2 4 40 10 16 4
2 2 4 40 10 18 4
2 2 4 40 10 20 4
2 2 4 40 15 12 4
2 2 4 40 15 14 4
2 2 4 40 15 16 4
2 2 4 40 15 18 4
2 2 4 40 15 20 4
2 2 4 40 20 12 4
2 2 4 40 20 14 4
2 2 4 40 20 16 4
2 2 4 40 20 18 4
2 2 4 40 20 20 4
2 2 4 50 10 12 4
2 2 4 50 10 14 4
2 2 4 50 10 16 4
2 2 4 50 10 18 4
2 2 4 50 10 20 4
2 2 4 50 15 12 4
2 2 4 50 15 14 4
2 2 4 50 15 16 4
2 2 4 50 15 18 4
2 2 4 50 15 20 4
2 2 4 50 20 12 4
2 2 4 50 20 14 4
2 2 4 50 20 16 4
2 2 4 50 20 18 4
2 2 4 50 20 20 4
2 3 1 30 10 12 4
2 3 1 30 10 14 4
2 3 1 30 10 16 4
2 3 1 30 10 18 4
2 3 1 30 10 20 4
2 3 1 30 15 12 4
2 3 1 30 15 14 4
2 3 1 30 15 16 4
2 3 1 30 15 18 4
2 3 1 30 15 20 4
2 3 1 30 20 12 4
2 3 1 30 20 14 4
2 3 1 30 20 16 4
2 3 1 30 20 18 4
2 3 1 30 20 20 4
2 3 1 40 10 12 4
2 3 1 40 10 14 4
2 3 1 40 10 16 4
2 3 1 40 10 18 4
2 3 1 40 10 20 4
2 3 1 40 15 12 4
2 3 1 40 15 14 4
2 3 1 40 15 16 4
2 3 1 40 15 18 4
2 3 1 40 15 20 4
2 3 1 40 20 12 4
2 3 1 40 20 14 4
2 3 1 40 20 16 4
2 3 1 40 20 18 4
2 3 1 40 20 20 4
2 3 1 50 10 12 4
2 3 1 50 10 14 4
2 3 1 50 10 16 4
2 3 1 50 10 18 4
2 3 1 50 10 20 4
2 3 1 50 15 12 4
2 3 1 50 15 14 4
2 3 1 50 15 16 4
2 3 1 50 15 18 4
2 3 1 50 15 20 4
2 3 1 50 20 12 4
2 3 1 50 20 14 4
2 3 1 50 20 16 4
2 3 1 50 20 18 4
2 3 1 50 20 20 4
2 3 2 30 10 12 4
2 3 2 30 10 14 4
2 3 2 30 10 16 4
2 3 2 30 10 18 4
2 3 2 30 10 20 4
2 3 2 30 15 12 4
2 3 2 30 15 14 4
2 3 2 30 15 16 4
2 3 2 30 15 18 4
2 3 2 30 15 20 4
2 3 2 30 20 12 4
2 3 2 30 20 14 4
2 3 2 30 20 16 4
2 3 2 30 20 18 4
2 3 2 30 20 20 4
2 3 2 40 10 12 4
2 3 2 40 10 14 4
2 3 2 40 10 16 4
2 3 2 40 10 18 4
2 3 2 40 10 20 4
2 3 2 40 15 12 4
2 3 2 40 15 14 4
2 3 2 40 15 16 4
2 3 2 40 15 18 4
2 3 2 40 15 20 4
2 3 2 40 20 12 4
2 3 2 40 20 14 4
2 3 2 40 20 16 4
2 3 2 40 20 18 4
2 3 2 40 20 20 4
2 3 2 50 10 12 4
2 3 2 50 10 14 4
2 3 2 50 10 16 4
2 3 2 50 10 18 4
2 3 2 50 10 20 4
2 3 2 50 15 12 4
2 3 2 50 15 14 4
2 3 2 50 15 16 4
2 3 2 50 15 18 4
2 3 2 50 15 20 4
2 3 2 50 20 12 4
2 3 2 50 20 14 4
2 3 2 50 20 16 4
2 3 2 50 20 18 4
2 3 2 50 20 20 4
2 3 3 30 10 12 4
2 3 3 30 10 14 4
2 3 3 30 10 16 4
2 3 3 30 10 18 4
2 3 3 30 10 20 4
2 3 3 30 15 12 4
2 3 3 30 15 14 4
2 3 3 30 15 16 4
2 3 3 30 15 18 4
2 3 3 30 15 20 4
2 3 3 30 20 12 4
2 3 3 30 20 14 4
2 3 3 30 20 16 4
2 3 3 30 20 18 4
2 3 3 30 20 20 4
2 3 3 40 10 12 4
2 3 3 40 10 14 4
2 3 3 40 10 16 4
2 3 3 40 10 18 4
2 3 3 40 10 20 4
2 3 3 40 15 12 4
2 3 3 40 15 14 4
2 3 3 40 15 16 4
2 3 3 40 15 18 4
2 3 3 40 15 20 4
2 3 3 40 20 12 4
2 3 3 40 20 14 4
2 3 3 40 20 16 4
2 3 3 40 20 18 4
2 3 3 40 20 20 4
2 3 3 50 10 12 4
2 3 3 50 10 14 4
2 3 3 50 10 16 4
2 3 3 50 10 18 4
2 3 3 50 10 20 4
2 3 3 50 15 12 4
2 3 3 50 15 14 4
2 3 3 50 15 16 4
2 3 3 50 15 18 4
2 3 3 50 15 20 4
2 3 3 50 20 12 4
2 3 3 50 20 14 4
2 3 3 50 20 16 4
2 3 3 50 20 18 4
2 3 3 50 20 20 4
2 3 4 30 10 12 4
2 3 4 30 10 14 4
2 3 4 30 10 16 4
2 3 4 30 10 18 4
2 3 4 30 10 20 4
2 3 4 30 15 12 4
2 3 4 30 15 14 4
2 3 4 30 15 16 4
2 3 4 30 15 18 4
2 3 4 30 15 20 4
2 3 4 30 20 12 4
2 3 4 30 20 14 4
2 3 4 30 20 16 4
2 3 4 30 20 18 4
2 3 4 30 20 20 4
2 3 4 40 10 12 4
2 3 4 40 10 14 4
2 3 4 40 10 16 4
2 3 4 40 10 18 4
2 3 4 40 10 20 4
2 3 4 40 15 12 4
2 3 4 40 15 14 4
2 3 4 40 15 16 4
2 3 4 40 15 18 4
2 3 4 40 15 20 4
2 3 4 40 20 12 4
2 3 4 40 20 14 4
2 3 4 40 20 16 4
2 3 4 40 20 18 4
2 3 4 40 20 20 4
2 3 4 50 10 12 4
2 3 4 50 10 14 4
2 3 4 50 10 16 4
2 3 4 50 10 18 4
2 3 4 50 10 20 4
2 3 4 50 15 12 4
2 3 4 50 15 14 4
2 3 4 50 15 16 4
2 3 4 50 15 18 4
2 3 4 50 15 20 4
2 3 4 50 20 12 4
2 3 4 50 20 14 4
2 3 4 50 20 16 4
2 3 4 50 20 18 4
2 3 4 50 20 20 4
2 4 1 30 10 12 4
2 4 1 30 10 14 4
2 4 1 30 10 16 4
2 4 1 30 10 18 4
2 4 1 30 10 20 4
2 4 1 30 15 12 4
2 4 1 30 15 14 4
2 4 1 30 15 16 4
2 4 1 30 15 18 4
2 4 1 30 15 20 4
2 4 1 30 20 12 4
2 4 1 30 20 14 4
2 4 1 30 20 16 4
2 4 1 30 20 18 4
2 4 1 30 20 20 4
2 4 1 40 10 12 4
2 4 1 40 10 14 4
2 4 1 40 10 16 4
2 4 1 40 10 18 4
2 4 1 40 10 20 4
2 4 1 40 15 12 4
2 4 1 40 15 14 4
2 4 1 40 15 16 4
2 4 1 40 15 18 4
2 4 1 40 15 20 4
2 4 1 40 20 12 4
2 4 1 40 20 14 4
2 4 1 40 20 16 4
2 4 1 40 20 18 4
2 4 1 40 20 20 4
2 4 1 50 10 12 4
2 4 1 50 10 14 4
2 4 1 50 10 16 4
2 4 1 50 10 18 4
2 4 1 50 10 20 4
2 4 1 50 15 12 4
2 4 1 50 15 14 4
2 4 1 50 15 16 4
2 4 1 50 15 18 4
2 4 1 50 15 20 4
2 4 1 50 20 12 4
2 4 1 50 20 14 4
2 4 1 50 20 16 4
2 4 1 50 20 18 4
2 4 1 50 20 20 4
2 4 2 30 10 12 4
2 4 2 30 10 14 4
2 4 2 30 10 16 4
2 4 2 30 10 18 4
2 4 2 30 10 20 4
2 4 2 30 15 12 4
2 4 2 30 15 14 4
2 4 2 30 15 16 4
2 4 2 30 15 18 4
2 4 2 30 15 20 4
2 4 2 30 20 12 4
2 4 2 30 20 14 4
2 4 2 30 20 16 4
2 4 2 30 20 18 4
2 4 2 30 20 20 4
2 4 2 40 10 12 4
2 4 2 40 10 14 4
2 4 2 40 10 16 4
2 4 2 40 10 18 4
2 4 2 40 10 20 4
2 4 2 40 15 12 4
2 4 2 40 15 14 4
2 4 2 40 15 16 4
2 4 2 40 15 18 4
2 4 2 40 15 20 4
2 4 2 40 20 12 4
2 4 2 40 20 14 4
2 4 2 40 20 16 4
2 4 2 40 20 18 4
2 4 2 40 20 20 4
2 4 2 50 10 12 4
2 4 2 50 10 14 4
2 4 2 50 10 16 4
2 4 2 50 10 18 4
2 4 2 50 10 20 4
2 4 2 50 15 12 4
2 4 2 50 15 14 4
2 4 2 50 15 16 4
2 4 2 50 15 18 4
2 4 2 50 15 20 4
2 4 2 50 20 12 4
2 4 2 50 20 14 4
2 4 2 50 20 16 4
2 4 2 50 20 18 4
2 4 2 50 20 20 4
2 4 3 30 10 12 4
2 4 3 30 10 14 4
2 4 3 30 10 16 4
2 4 3 30 10 18 4
2 4 3 30 10 20 4
2 4 3 30 15 12 4
2 4 3 30 15 14 4
2 4 3 30 15 16 4
2 4 3 30 15 18 4
2 4 3 30 15 20 4
2 4 3 30 20 12 4
2 4 3 30 20 14 4
2 4 3 30 20 16 4
2 4 3 30 20 18 4
2 4 3 30 20 20 4
2 4 3 40 10 12 4
2 4 3 40 10 14 4
2 4 3 40 10 16 4
2 4 3 40 10 18 4
2 4 3 40 10 20 4
2 4 3 40 15 12 4
2 4 3 40 15 14 4
2 4 3 40 15 16 4
2 4 3 40 15 18 4
2 4 3 40 15 20 4
2 4 3 40 20 12 4
2 4 3 40 20 14 4
2 4 3 40 20 16 4
2 4 3 40 20 18 4
2 4 3 40 20 20 4
2 4 3 50 10 12 4
2 4 3 50 10 14 4
2 4 3 50 10 16 4
2 4 3 50 10 18 4
2 4 3 50 10 20 4
2 4 3 50 15 12 4
2 4 3 50 15 14 4
2 4 3 50 15 16 4
2 4 3 50 15 18 4
2 4 3 50 15 20 4
2 4 3 50 20 12 4
2 4 3 50 20 14 4
2 4 3 50 20 16 4
2 4 3 50 20 18 4
2 4 3 50 20 20 4
2 4 4 30 10 12 4
2 4 4 30 10 14 4
2 4 4 30 10 16 4
2 4 4 30 10 18 4
2 4 4 30 10 20 4
2 4 4 30 15 12 4
2 4 4 30 15 14 4
2 4 4 30 15 16 4
2 4 4 30 15 18 4
2 4 4 30 15 20 4
2 4 4 30 20 12 4
2 4 4 30 20 14 4
2 4 4 30 20 16 4
2 4 4 30 20 18 4
2 4 4 30 20 20 4
2 4 4 40 10 12 4
2 4 4 40 10 14 4
2 4 4 40 10 16 4
2 4 4 40 10 18 4
2 4 4 40 10 20 4
2 4 4 40 15 12 4
2 4 4 40 15 14 4
2 4 4 40 15 16 4
2 4 4 40 15 18 4
2 4 4 40 15 20 4
2 4 4 40 20 12 4
2 4 4 40 20 14 4
2 4 4 40 20 16 4
2 4 4 40 20 18 4
2 4 4 40 20 20 4
2 4 4 50 10 12 4
2 4 4 50 10 14 4
2 4 4 50 10 16 4
2 4 4 50 10 18 4
2 4 4 50 10 20 4
2 4 4 50 15 12 4
2 4 4 50 15 14 4
2 4 4 50 15 16 4
2 4 4 50 15 18 4
2 4 4 50 15 20 4
2 4 4 50 20 12 4
2 4 4 50 20 14 4
2 4 4 50 20 16 4
2 4 4 50 20 18 4
2 4 4 50 20 20 4
